1	0	0	0	0.999946072	-0.010385214	0	0	0	-1	0.010385214	0.999946072	0
2	0.999946072	-0.010385214	0	0.999968245	-0.00796929	0	0	0	-1	0.00796929	0.999968245	0
3	1.999914317	-0.018354504	0	0.999986866	-0.005125277	0	0	0	-1	0.005125277	0.999986866	0
4	2.999901183	-0.023479781	0	0.999996166	-0.002769182	0	0	0	-1	0.002769182	0.999996166	0
5	3.999897348	-0.026248962	0	0.999997507	-0.002233149	0	0	0	-1	0.002233149	0.999997507	0
6	4.999894855	-0.028482111	0	0.999993815	-0.00351722	0	0	0	-1	0.00351722	0.999993815	0
7	5.999888669	-0.031999331	0	0.999978951	-0.006488297	0	0	0	-1	0.006488297	0.999978951	0
8	6.99986762	-0.038487629	0	0.99994159	-0.010808192	0	0	0	-1	0.010808192	0.99994159	0
9	7.99980921	-0.049295821	0	0.999881847	-0.015371802	0	0	0	-1	0.015371802	0.999881847	0
10	8.999691057	-0.064667623	0	0.999995104	-0.003129201	0	0	0	-1	0.003129201	0.999995104	0
11	9.999686161	-0.067796824	0	0.999397057	0.03472062	0	0	0	-1	-0.03472062	0.999397057	0
12	10.99908322	-0.033076203	0	0.996572408	0.08272506	0	0	0	-1	-0.08272506	0.996572408	0
13	11.99565563	0.049648857	0	0.991138081	0.132835629	0	0	0	-1	-0.132835629	0.991138081	0
14	12.98679371	0.182484486	0	0.983246484	0.182280967	0	0	0	-1	-0.182280967	0.983246484	0
15	13.97004019	0.364765453	0	0.973065524	0.230528711	0	0	0	-1	-0.230528711	0.973065524	0
16	14.94310572	0.595294165	0	0.960603128	0.277923786	0	0	0	-1	-0.277923786	0.960603128	0
17	15.90370884	0.87321795	0	0.945650719	0.325184129	0	0	0	-1	-0.325184129	0.945650719	0
18	16.84935956	1.19840208	0	0.927732254	0.373246386	0	0	0	-1	-0.373246386	0.927732254	0
19	17.77709182	1.571648465	0	0.906004397	0.423268276	0	0	0	-1	-0.423268276	0.906004397	0
20	18.68309621	1.994916741	0	0.88548619	0.464665693	0	0	0	-1	-0.464665693	0.88548619	0
21	19.5685824	2.459582434	0	0.883793964	0.467876296	0	0	0	-1	-0.467876296	0.883793964	0
22	20.45237637	2.927458731	0	0.883793431	0.467877304	0	0	0	-1	-0.467877304	0.883793431	0
23	21.3361698	3.395336034	0	0.883793964	0.467876296	0	0	0	-1	-0.467876296	0.883793964	0
24	22.21996376	3.863212331	0	0.883793431	0.467877304	0	0	0	-1	-0.467877304	0.883793431	0
25	23.10375719	4.331089634	0	0.883793964	0.467876296	0	0	0	-1	-0.467876296	0.883793964	0
26	23.98755116	4.798965931	0	0.883793431	0.467877304	0	0	0	-1	-0.467877304	0.883793431	0
27	24.87134459	5.266843234	0	0.883793964	0.467876296	0	0	0	-1	-0.467876296	0.883793964	0
28	25.75513855	5.734719531	0	0.883793431	0.467877304	0	0	0	-1	-0.467877304	0.883793431	0
29	26.63893198	6.202596834	0	0.883793964	0.467876296	0	0	0	-1	-0.467876296	0.883793964	0
30	27.52272595	6.670473131	0	0.883793431	0.467877304	0	0	0	-1	-0.467877304	0.883793431	0
31	28.40651938	7.138350434	0	0.883793964	0.467876296	0	0	0	-1	-0.467876296	0.883793964	0
32	29.29031334	7.606226731	0	0.883793431	0.467877304	0	0	0	-1	-0.467877304	0.883793431	0
33	30.17410678	8.074104034	0	0.883793964	0.467876296	0	0	0	-1	-0.467876296	0.883793964	0
34	31.05790074	8.541980331	0	0.883793431	0.467877304	0	0	0	-1	-0.467877304	0.883793431	0
35	31.94169417	9.009857634	0	0.883793964	0.467876296	0	0	0	-1	-0.467876296	0.883793964	0
36	32.82548813	9.477733931	0	0.883793964	0.467876296	0	0	0	-1	-0.467876296	0.883793964	0
37	33.7092821	9.945610227	0	0.883793431	0.467877304	0	0	0	-1	-0.467877304	0.883793431	0
38	34.59307553	10.41348753	0	0.883793964	0.467876296	0	0	0	-1	-0.467876296	0.883793964	0
39	35.47686949	10.88136383	0	0.883793431	0.467877304	0	0	0	-1	-0.467877304	0.883793431	0
40	36.36066293	11.34924113	0	0.883793964	0.467876296	0	0	0	-1	-0.467876296	0.883793964	0
41	37.24445689	11.81711743	0	0.883793431	0.467877304	0	0	0	-1	-0.467877304	0.883793431	0
42	38.12825032	12.28499473	0	0.883793964	0.467876296	0	0	0	-1	-0.467876296	0.883793964	0
43	39.01204429	12.75287103	0	0.883793431	0.467877304	0	0	0	-1	-0.467877304	0.883793431	0
44	39.89583772	13.22074833	0	0.883793964	0.467876296	0	0	0	-1	-0.467876296	0.883793964	0
45	40.77963168	13.68862463	0	0.883793431	0.467877304	0	0	0	-1	-0.467877304	0.883793431	0
46	41.66342511	14.15650193	0	0.883793964	0.467876296	0	0	0	-1	-0.467876296	0.883793964	0
47	42.54721908	14.62437823	0	0.883793431	0.467877304	0	0	0	-1	-0.467877304	0.883793431	0
48	43.43101251	15.09225553	0	0.883793964	0.467876296	0	0	0	-1	-0.467876296	0.883793964	0
49	44.31480647	15.56013183	0	0.883793431	0.467877304	0	0	0	-1	-0.467877304	0.883793431	0
50	45.1985999	16.02800913	0	0.883793964	0.467876296	0	0	0	-1	-0.467876296	0.883793964	0
51	46.08239387	16.49588543	0	0.883793431	0.467877304	0	0	0	-1	-0.467877304	0.883793431	0
52	46.9661873	16.96376273	0	0.883793964	0.467876296	0	0	0	-1	-0.467876296	0.883793964	0
53	47.84998126	17.43163903	0	0.883793431	0.467877304	0	0	0	-1	-0.467877304	0.883793431	0
54	48.73377469	17.89951633	0	0.883793964	0.467876296	0	0	0	-1	-0.467876296	0.883793964	0
55	49.61756866	18.36739263	0	0.883793431	0.467877304	0	0	0	-1	-0.467877304	0.883793431	0
56	50.50136209	18.83526993	0	0.883793964	0.467876296	0	0	0	-1	-0.467876296	0.883793964	0
57	51.38515605	19.30314623	0	0.883793431	0.467877304	0	0	0	-1	-0.467877304	0.883793431	0
58	52.26894948	19.77102353	0	0.883793964	0.467876296	0	0	0	-1	-0.467876296	0.883793964	0
59	53.15274345	20.23889983	0	0.883793431	0.467877304	0	0	0	-1	-0.467877304	0.883793431	0
60	54.03653688	20.70677713	0	0.883793964	0.467876296	0	0	0	-1	-0.467876296	0.883793964	0
61	54.92033084	21.17465343	0	0.883793431	0.467877304	0	0	0	-1	-0.467877304	0.883793431	0
62	55.80412427	21.64253073	0	0.883793964	0.467876296	0	0	0	-1	-0.467876296	0.883793964	0
63	56.68791824	22.11040703	0	0.883793431	0.467877304	0	0	0	-1	-0.467877304	0.883793431	0
64	57.57171167	22.57828433	0	0.883793964	0.467876296	0	0	0	-1	-0.467876296	0.883793964	0
65	58.45550563	23.04616063	0	0.883793431	0.467877304	0	0	0	-1	-0.467877304	0.883793431	0
66	59.33929906	23.51403793	0	0.883793964	0.467876296	0	0	0	-1	-0.467876296	0.883793964	0
67	60.22309303	23.98191423	0	0.883793431	0.467877304	0	0	0	-1	-0.467877304	0.883793431	0
68	61.10688646	24.44979153	0	0.883793964	0.467876296	0	0	0	-1	-0.467876296	0.883793964	0
69	61.99068042	24.91766783	0	0.883793431	0.467877304	0	0	0	-1	-0.467877304	0.883793431	0
70	62.87447386	25.38554513	0	0.883793964	0.467876296	0	0	0	-1	-0.467876296	0.883793964	0
71	63.75826782	25.85342143	0	0.883793431	0.467877304	0	0	0	-1	-0.467877304	0.883793431	0
72	64.64206125	26.32129873	0	0.883793964	0.467876296	0	0	0	-1	-0.467876296	0.883793964	0
73	65.52585521	26.78917503	0	0.88386915	0.467734248	0	0	0	-1	-0.467734248	0.88386915	0
74	66.40972436	27.25690927	0	0.891572609	0.452877779	0	0	0	-1	-0.452877779	0.891572609	0
75	67.30129697	27.70978705	0	0.906153397	0.422949194	0	0	0	-1	-0.422949194	0.906153397	0
76	68.20745037	28.13273625	0	0.922521234	0.385946335	0	0	0	-1	-0.385946335	0.922521234	0
77	69.1299716	28.51868258	0	0.940535675	0.339694929	0	0	0	-1	-0.339694929	0.940535675	0
78	70.07050728	28.85837751	0	0.95950952	0.281676198	0	0	0	-1	-0.281676198	0.95950952	0
79	71.0300168	29.14005371	0	0.977822525	0.209435218	0	0	0	-1	-0.209435218	0.977822525	0
80	72.00783932	29.34948893	0	0.992544324	0.12188423	0	0	0	-1	-0.12188423	0.992544324	0
81	73.00038365	29.47137316	0	0.999767313	0.021571276	0	0	0	-1	-0.021571276	0.999767313	0
82	74.00015096	29.49294443	0	0.996523596	-0.083311005	0	0	0	-1	0.083311005	0.996523596	0
83	74.99667456	29.40963343	0	0.983613417	-0.18029045	0	0	0	-1	0.18029045	0.983613417	0
84	75.98028797	29.22934298	0	0.965993786	-0.258565283	0	0	0	-1	0.258565283	0.965993786	0
85	76.94628176	28.97077769	0	0.94255192	-0.334059692	0	0	0	-1	0.334059692	0.94255192	0
86	77.88883368	28.636718	0	0.906064882	-0.423138782	0	0	0	-1	0.423138782	0.906064882	0
87	78.79489856	28.21357922	0	0.862174505	-0.506611412	0	0	0	-1	0.506611412	0.862174505	0
88	79.65707307	27.70696781	0	0.81860426	-0.57435796	0	0	0	-1	0.57435796	0.81860426	0
89	80.47567733	27.13260985	0	0.779765947	-0.626071137	0	0	0	-1	0.626071137	0.779765947	0
90	81.25544327	26.50653871	0	0.746848152	-0.664994615	0	0	0	-1	0.664994615	0.746848152	0
91	82.00229143	25.8415441	0	0.719449084	-0.694545186	0	0	0	-1	0.694545186	0.719449084	0
92	82.72174051	25.14699891	0	0.696690321	-0.717372007	0	0	0	-1	0.717372007	0.696690321	0
93	83.41843083	24.4296269	0	0.67768102	-0.735355992	0	0	0	-1	0.735355992	0.67768102	0
94	84.09611185	23.69427091	0	0.661669172	-0.74979591	0	0	0	-1	0.74979591	0.661669172	0
95	84.75778102	22.944475	0	0.648050314	-0.761597525	0	0	0	-1	0.761597525	0.648050314	0
96	85.40583134	22.18287748	0	0.63635489	-0.771396432	0	0	0	-1	0.771396432	0.63635489	0
97	86.04218623	21.41148104	0	0.626222112	-0.779644705	0	0	0	-1	0.779644705	0.626222112	0
98	86.66840834	20.63183634	0	0.617369279	-0.786673486	0	0	0	-1	0.786673486	0.617369279	0
99	87.28577762	19.84516285	0	0.609570724	-0.79273169	0	0	0	-1	0.79273169	0.609570724	0
100	87.89534834	19.05243116	0	0.603832666	-0.797111104	0	0	0	-1	0.797111104	0.603832666	0
101	88.49918101	18.25532006	0	0.612964857	-0.790110172	0	0	0	-1	0.790110172	0.612964857	0
102	89.11214586	17.46520989	0	0.626606298	-0.779335966	0	0	0	-1	0.779335966	0.626606298	0
103	89.73875216	16.68587392	0	0.640550714	-0.76791587	0	0	0	-1	0.76791587	0.640550714	0
104	90.37930287	15.91795805	0	0.654783286	-0.755816676	0	0	0	-1	0.755816676	0.654783286	0
105	91.03408616	15.16214138	0	0.669273691	-0.743015967	0	0	0	-1	0.743015967	0.669273691	0
106	91.70335985	14.41912541	0	0.683991141	-0.729490314	0	0	0	-1	0.729490314	0.683991141	0
107	92.38735099	13.68963509	0	0.698898157	-0.715221201	0	0	0	-1	0.715221201	0.698898157	0
108	93.08624915	12.97441389	0	0.713945814	-0.700200953	0	0	0	-1	0.700200953	0.713945814	0
109	93.80019496	12.27421294	0	0.72907876	-0.684429808	0	0	0	-1	0.684429808	0.72907876	0
110	94.52927372	11.58978313	0	0.74423495	-0.667917913	0	0	0	-1	0.667917913	0.74423495	0
111	95.27350867	10.92186522	0	0.759343233	-0.650690291	0	0	0	-1	0.650690291	0.759343233	0
112	96.03285191	10.27117493	0	0.774320352	-0.632793799	0	0	0	-1	0.632793799	0.774320352	0
113	96.80717226	9.63838113	0	0.789083999	-0.61428531	0	0	0	-1	0.61428531	0.789083999	0
114	97.59625626	9.02409582	0	0.803537965	-0.595253508	0	0	0	-1	0.595253508	0.803537965	0
115	98.39979422	8.428842312	0	0.817584904	-0.575808063	0	0	0	-1	0.575808063	0.817584904	0
116	99.21737913	7.853034249	0	0.831127004	-0.55608264	0	0	0	-1	0.55608264	0.831127004	0
117	100.0485061	7.296951608	0	0.844061211	-0.536246838	0	0	0	-1	0.536246838	0.844061211	0
118	100.8925673	6.76070477	0	0.856290005	-0.516495332	0	0	0	-1	0.516495332	0.856290005	0
119	101.7488573	6.244209439	0	0.867719126	-0.497054845	0	0	0	-1	0.497054845	0.867719126	0
120	102.6165765	5.747154594	0	0.878258501	-0.478186162	0	0	0	-1	0.478186162	0.878258501	0
121	103.494835	5.268968431	0	0.887827609	-0.460176202	0	0	0	-1	0.460176202	0.887827609	0
122	104.3826626	4.808792229	0	0.896351074	-0.443344958	0	0	0	-1	0.443344958	0.896351074	0
123	105.2790137	4.365447271	0	0.903865871	-0.42781595	0	0	0	-1	0.42781595	0.903865871	0
124	106.1828795	3.937631321	0	0.911296513	-0.411750732	0	0	0	-1	0.411750732	0.911296513	0
125	107.094176	3.52588059	0	0.919094826	-0.39403642	0	0	0	-1	0.39403642	0.919094826	0
126	108.0132709	3.13184417	0	0.927146739	-0.374698445	0	0	0	-1	0.374698445	0.927146739	0
127	108.9404176	2.757145725	0	0.935309806	-0.353829856	0	0	0	-1	0.353829856	0.935309806	0
128	109.8757274	2.403315869	0	0.943431826	-0.33156657	0	0	0	-1	0.33156657	0.943431826	0
129	110.8191592	2.071749299	0	0.95135223	-0.308105394	0	0	0	-1	0.308105394	0.95135223	0
130	111.7705115	1.763643905	0	0.958921581	-0.283671293	0	0	0	-1	0.283671293	0.958921581	0
131	112.729433	1.479972612	0	0.96600312	-0.258530408	0	0	0	-1	0.258530408	0.96600312	0
132	113.6954362	1.221442204	0	0.972487931	-0.232953266	0	0	0	-1	0.232953266	0.972487931	0
133	114.6679241	0.988488938	0	0.978295051	-0.207216779	0	0	0	-1	0.207216779	0.978295051	0
134	115.6462192	0.781272158	0	0.983376672	-0.181577313	0	0	0	-1	0.181577313	0.983376672	0
135	116.6295958	0.599694846	0	0.987714591	-0.156268638	0	0	0	-1	0.156268638	0.987714591	0
136	117.6173104	0.443426207	0	0.991317776	-0.131487898	0	0	0	-1	0.131487898	0.991317776	0
137	118.6086282	0.311938309	0	0.99421616	-0.10739752	0	0	0	-1	0.10739752	0.99421616	0
138	119.6028443	0.20454079	0	0.996455704	-0.084119147	0	0	0	-1	0.084119147	0.996455704	0
139	120.5993001	0.120421642	0	0.998092788	-0.061731565	0	0	0	-1	0.061731565	0.998092788	0
140	121.5973928	0.058690078	0	0.99919901	-0.040016737	0	0	0	-1	0.040016737	0.99919901	0
141	122.5965919	0.018673341	0	0.999825638	-0.018673341	0	0	0	-1	0.018673341	0.999825638	0
142	123.5964175	0	0	0.999987966	-0.004906	0	0	0	-1	0.004906	0.999987966	0